rs3121561	1	990380	0.38	0.14	0.012	0.070	0.64	0.81	t	c
rs2799064	1	957898	0.58	0.18	0.61	0.79	0.83	0.73	t	g
rs3128126	1	962210	0.076	0.12	0.081	0.17	0.15	0.81	a	g
rs3766186	1	1162435	0.29	0.57	0.32	0.73	0.52	0.63	a	c
rs11721	1	1152631	0.15	0.34	0.13	0.68	0.17	0.25	a	c
rs2887286	1	1156131	0.29	0.81	0.19	0.30	0.22	0.78	t	c
rs3813200	1	1151300	0.14	0.41	0.46	0.43	0.26	0.77	t	c
rs7515488	1	1163804	0.13	0.87	0.11	0.96	0.42	0.11	t	c
rs3813199	1	1158277	0.20	0.64	0.27	0.65	0.40	0.65	a	g
rs6603781	1	1158631	0.33	0.68	0.90	0.37	0.35	0.79	a	g
rs11260562	1	1165310	0.51	0.34	0.32	0.81	0.81	0.25	a	g
rs3128342	1	1486834	0.95	0.39	0.72	1.0	0.59	0.76	a	c
rs3766169	1	1497201	0.93	0.76	0.95	0.96	0.70	0.74	a	c
rs2296715	1	1498152	0.11	0.091	0.24	0.46	0.38	0.78	t	c
rs2296716	1	1497824	0.38	0.95	0.94	0.20	0.34	0.13	t	c
rs3766177	1	1481348	0.64	0.87	0.56	0.53	0.49	0.87	t	c
rs3766178	1	1478180	0.86	0.83	0.88	0.88	0.69	0.67	t	c
rs3766180	1	1478153	0.94	0.84	0.93	0.95	0.76	0.57	t	c
rs6603793	1	1505255	0.84	0.86	0.74	0.72	0.77	0.73	t	c
rs6656541	1	1501064	0.88	0.87	0.74	0.71	0.80	0.76	t	g
rs7366884	1	1489928	0.70	0.84	0.57	0.54	0.53	0.88	t	c
rs7519837	1	1510801	0.88	0.72	0.60	0.66	0.74	0.78	t	c
rs7520996	1	1509034	0.84	0.72	0.62	0.64	0.68	0.82	t	c
rs7531530	1	1489670	0.71	0.84	0.57	0.55	0.54	0.87	t	c
rs1887284	1	1487059	0.26	0.26	0.13	0.12	0.51	0.37	a	g
rs6603791	1	1500941	0.84	0.87	0.74	0.71	0.76	0.71	a	g
rs7517401	1	1483010	0.86	0.93	0.75	0.81	0.82	0.60	a	g
rs7540231	1	1506035	0.17	0.40	0.25	0.18	0.18	0.74	a	g
rs9439468	1	1499298	0.87	0.90	0.76	0.71	0.79	0.76	a	g
